0102030405
010.203.0405
010 203 0405
010-203-0405
010 2030405
010 203.0405
010 203 0405
010 203-0405
(010)2030405
(010)203.0405
(010)203 0405
(010)203-0405
(010) 2030405
(010) 203.0405
(010) 203 0405
(010) 203-0405
+10102030405
+1010.203.0405
+1010 203 0405
+1010-203-0405
+1010 2030405
+1010 203.0405
+1010 203 0405
+1010 203-0405
+1(010)2030405
+1(010)203.0405
+1(010)203 0405
+1(010)203-0405
+1(010) 2030405
+1(010) 203.0405
+1(010) 203 0405
+1(010) 203-0405
+1 0102030405
+1 010.203.0405
+1 010 203 0405
+1 010-203-0405
+1 010 2030405
+1 010 203.0405
+1 010 203 0405
+1 010 203-0405
+1 (010)2030405
+1 (010)203.0405
+1 (010)203 0405
+1 (010)203-0405
+1 (010) 2030405
+1 (010) 203.0405
+1 (010) 203 0405
+1 (010) 203-0405
0110102030405
011010.203.0405
011010 203 0405
011010-203-0405
011010 2030405
011010 203.0405
011010 203 0405
011010 203-0405
011(010)2030405
011(010)203.0405
011(010)203 0405
011(010)203-0405
011(010) 2030405
011(010) 203.0405
011(010) 203 0405
011(010) 203-0405
011 0102030405
011 010.203.0405
011 010 203 0405
011 010-203-0405
011 010 2030405
011 010 203.0405
011 010 203 0405
011 010 203-0405
011 (010)2030405
011 (010)203.0405
011 (010)203 0405
011 (010)203-0405
011 (010) 2030405
011 (010) 203.0405
011 (010) 203 0405
011 (010) 203-0405
